=> EARLY STOP! SAVED MODEL SUCCESSFULLY...
=> Fold 0 - Epochs 69 - Stop at 39
=> Training accuracy: [0.925779114270093, 0.9475123018042646, 0.9579004920721705, 0.972252597047567, 0.9755330781848004, 0.9738928376161837, 0.9784034991798797, 0.9818206670311646, 0.9841443411700382, 0.9826407873154729, 0.981957353745216, 0.9737561509021323, 0.9741662110442865, 0.9656916347731, 0.9893384363039912, 0.9879715691634773, 0.9897484964461455, 0.9849644614543467, 0.9930289775833789, 0.9924822307271733, 0.9759431383269547, 0.9845544013121924, 0.9924822307271733, 0.9913887370147622, 0.9945325314379442, 0.9950792782941498, 0.9958993985784582, 0.9971295790049207, 0.997949699289229, 0.9983597594313832, 0.9920721705850192, 0.9892017495899399, 0.994805904866047, 0.9943958447238929, 0.9972662657189721, 0.9982230727173319, 0.9990431930016402, 0.999316566429743, 0.9990431930016402, 0.9991798797156917, 0.9810005467468562, 0.9974029524330235, 0.9976763258611263, 0.9991798797156917, 0.9997266265718973, 0.9997266265718973, 1.0, 0.9998633132859486, 1.0, 1.0, 0.9991798797156917, 0.9991798797156917, 0.996856205576818, 0.9998633132859486, 0.9997266265718973, 1.0, 1.0, 1.0, 1.0, 1.0, 0.9922088572990705, 0.9997266265718973, 0.9997266265718973, 1.0, 1.0, 1.0, 1.0, 1.0, 1.0, 1.0]
=> Validating accuracy: [0.9272826681246583, 0.9480590486604702, 0.9622744669218152, 0.9743028977583379, 0.9748496446145435, 0.9732094040459267, 0.9786768726079825, 0.9797703663203936, 0.9814106068890104, 0.9830508474576272, 0.9786768726079825, 0.9682886823400766, 0.9661016949152542, 0.9661016949152542, 0.9874248223072717, 0.9846910880262438, 0.9868780754510662, 0.985784581738655, 0.9874248223072717, 0.9890650628758885, 0.9661016949152542, 0.9792236194641881, 0.9846910880262438, 0.9852378348824494, 0.9852378348824494, 0.9874248223072717, 0.9901585565882997, 0.9890650628758885, 0.9890650628758885, 0.9896118097320941, 0.9890650628758885, 0.9808638600328048, 0.9863313285948606, 0.9852378348824494, 0.9896118097320941, 0.9879715691634773, 0.9912520503007107, 0.9912520503007107, 0.9901585565882997, 0.9923455440131219, 0.9743028977583379, 0.9901585565882997, 0.9896118097320941, 0.9885183160196829, 0.9912520503007107, 0.9923455440131219, 0.9923455440131219, 0.9890650628758885, 0.9923455440131219, 0.9917987971569163, 0.9885183160196829, 0.9907053034445052, 0.9896118097320941, 0.9912520503007107, 0.9890650628758885, 0.9923455440131219, 0.9912520503007107, 0.9917987971569163, 0.9928922908693275, 0.9923455440131219, 0.9814106068890104, 0.9874248223072717, 0.9879715691634773, 0.9896118097320941, 0.9901585565882997, 0.9890650628758885, 0.9917987971569163, 0.9917987971569163, 0.9917987971569163, 0.9917987971569163]
=> Training loss: [0.21379683386308368, 0.16604905131086095, 0.12314008210137478, 0.08054230301938808, 0.07127999073376155, 0.07320758778583554, 0.06070126046641985, 0.056741798731425604, 0.05385058023292162, 0.0534827940862579, 0.058956428893835185, 0.08100770351957141, 0.07659927993924233, 0.08131902806762302, 0.037507626739396276, 0.04066974247060818, 0.03169997456952514, 0.03950892930097792, 0.02624030019313977, 0.02695585678633508, 0.06783949418381435, 0.04480969623197634, 0.03202982127010627, 0.02919249302881249, 0.022894936184612184, 0.02099960538960419, 0.017487742124403384, 0.014763585706799, 0.013466489135438934, 0.012602309393912896, 0.026527201783313265, 0.03190774635344076, 0.01816291677393325, 0.020698218030509825, 0.012531745749293532, 0.011926171394801323, 0.0074126140004840664, 0.006731078764978754, 0.006812477707055776, 0.005493187255436374, 0.04738472817231941, 0.011042127487256801, 0.01239355638961345, 0.0071650035487754735, 0.004458244964572056, 0.003511985622477774, 0.0026391813436170714, 0.0032931526709386663, 0.0023446853864941075, 0.002257263876279809, 0.007769246766559612, 0.006595884677136756, 0.012467162758680983, 0.002501879139913337, 0.005698988411321975, 0.0011407659664872817, 0.0012685032464037336, 0.0009268180485583125, 0.0008215935658429281, 0.0010149303879944008, 0.01972909276656289, 0.003755653011365633, 0.0038542812639855545, 0.0016595717461791424, 0.0009699551534824717, 0.0010821889939413958, 0.0009727948292414671, 0.0005897711295571622, 0.000464642119093377, 0.0004744769299565522]
=> Validating loss: [0.21090233871818176, 0.1632267918372542, 0.11505775023587843, 0.08206693267988467, 0.07561642865198698, 0.07734709683889213, 0.06319805491000756, 0.06317372978580917, 0.059999289504874105, 0.05823802895754364, 0.06197674623794931, 0.09849092648418069, 0.08812042696125491, 0.08239039252606359, 0.04168884758773871, 0.04775912057304884, 0.039183912019689855, 0.04321807495813802, 0.034676069841593375, 0.03602111513281884, 0.0806260730494822, 0.057844901477287644, 0.042030223332877086, 0.03998618598715766, 0.03840840132812831, 0.03541205106369291, 0.03307228825379549, 0.02855274462250065, 0.027975244843744723, 0.026912411569039493, 0.0360126554672675, 0.05417154220372292, 0.041241739634190214, 0.04387463355933898, 0.03005844072623106, 0.030961355050410127, 0.0238328702913502, 0.02512458973004599, 0.02506702315844412, 0.021769317457344974, 0.07055143784996282, 0.03300211972963666, 0.03262602094314664, 0.033691193070854615, 0.02374120887537971, 0.02426251258292837, 0.022123122801663054, 0.02669764587449693, 0.023660641778189183, 0.024884603785095938, 0.03134179401260833, 0.024475578847016625, 0.03191498984741083, 0.024163405063417992, 0.034118112833649045, 0.02638850121333953, 0.025109986907145075, 0.026152298696636503, 0.025508724572016063, 0.028544701600488095, 0.05513141878317642, 0.04111146929308915, 0.03221146908606275, 0.036427955817840606, 0.031697683817372965, 0.03430448899582349, 0.028036362684720956, 0.02438375944959069, 0.025923985290300853, 0.02573587192089321]


--------------------------------------------

=> EARLY STOP! SAVED MODEL SUCCESSFULLY...
=> Fold 1 - Epochs 38 - Stop at 8
=> Training accuracy: [0.9976763258611263, 0.9544833242208858, 0.999316566429743, 0.9998633132859486, 0.9995899398578458, 1.0, 1.0, 1.0, 1.0, 1.0, 0.9837342810278841, 0.9964461454346637, 0.9990431930016402, 0.9995899398578458, 1.0, 1.0, 1.0, 1.0, 1.0, 1.0, 1.0, 1.0, 0.7740568616730453, 0.9990431930016402, 0.9998633132859486, 1.0, 1.0, 1.0, 1.0, 1.0, 0.9960360852925095, 0.9907053034445052, 0.9998633132859486, 1.0, 1.0, 1.0, 1.0, 1.0, 1.0]
=> Validating accuracy: [0.9994532531437944, 0.9480590486604702, 0.9989065062875888, 1.0, 0.9989065062875888, 1.0, 1.0, 1.0, 1.0, 1.0, 0.9808638600328048, 0.9890650628758885, 0.9978130125751777, 0.9989065062875888, 1.0, 1.0, 1.0, 1.0, 1.0, 1.0, 0.9994532531437944, 0.9994532531437944, 0.7572443958447239, 0.9928922908693275, 0.9939857845817387, 0.9994532531437944, 0.9994532531437944, 0.9994532531437944, 0.9994532531437944, 0.9994532531437944, 0.9896118097320941, 0.9753963914707491, 0.9956260251503554, 0.9967195188627666, 0.9983597594313832, 1.0, 0.9994532531437944, 0.9994532531437944, 1.0]
=> Training loss: [0.007204356442911229, 0.12050502104995321, 0.003600834819838046, 0.0019449530974663936, 0.001800993863549566, 0.0011239538377926402, 0.0006143502834924645, 0.0007886982338097937, 0.0005429600273613386, 0.0005638067963149423, 0.03962467128936109, 0.010619456326360358, 0.004042558046468361, 0.001927868092339435, 0.0013880842912902963, 0.0006870483026778434, 0.00044584293165325, 0.000355910471817919, 0.000420884484414494, 0.00036925053257829196, 0.0004336244109039719, 0.00047157400128261165, 0.871901336688693, 0.004034241985151837, 0.001577469468778208, 0.0004667973400218623, 0.000279957994611444, 0.0002627197749309467, 0.00025776465480180713, 0.0002324701515800371, 0.013459650276113198, 0.024077747580190503, 0.0012402767534541504, 0.0007606114806903209, 0.000667532580025851, 0.0002713802420303336, 0.00021194651785332475, 0.0002126793065321267, 0.00017999064400541978]
=> Validating loss: [0.005320344288362941, 0.1242151993579914, 0.004218554742907508, 0.0029035911774257057, 0.003909189047614555, 0.0019462766168107382, 0.0012551584901882512, 0.0018708875567167657, 0.0010554403960662954, 0.001061447230796546, 0.05914623515500954, 0.022701842083935327, 0.007787515260095868, 0.0037925895341080888, 0.002958655538889816, 0.0023461799125340083, 0.0013295329424632563, 0.0012281684256110394, 0.0018825675289570764, 0.001333475526415388, 0.0020827049578648485, 0.0023533281346476507, 0.9265978743274759, 0.014036570783844779, 0.012782180250120517, 0.0034061786371775626, 0.00269338497956189, 0.0028484831402418353, 0.0025692318006407954, 0.0025377062363562955, 0.03199387775777858, 0.05098511168006105, 0.013048186752839653, 0.009238551724290146, 0.007002308683779484, 0.0031574219830127707, 0.0032770557295141306, 0.0034106977712531996, 0.002663239073294086]


--------------------------------------------

=> EARLY STOP! SAVED MODEL SUCCESSFULLY...
=> Fold 2 - Epochs 37 - Stop at 7
=> Training accuracy: [1.0, 1.0, 1.0, 0.9997266265718973, 1.0, 1.0, 1.0, 1.0, 1.0, 1.0, 0.9956260251503554, 0.9998633132859486, 0.9997266265718973, 1.0, 0.9998633132859486, 1.0, 1.0, 1.0, 1.0, 1.0, 0.9994532531437944, 0.9928922908693275, 0.9995899398578458, 1.0, 1.0, 1.0, 1.0, 1.0, 1.0, 1.0, 1.0, 0.9997266265718973, 1.0, 1.0, 1.0, 1.0, 1.0, 1.0]
=> Validating accuracy: [1.0, 1.0, 1.0, 1.0, 1.0, 1.0, 1.0, 1.0, 1.0, 1.0, 0.9956260251503554, 0.9994532531437944, 1.0, 0.9994532531437944, 0.9989065062875888, 0.9994532531437944, 1.0, 1.0, 1.0, 1.0, 0.9994532531437944, 0.9912520503007107, 0.9994532531437944, 0.9994532531437944, 1.0, 1.0, 1.0, 1.0, 1.0, 1.0, 0.9994532531437944, 0.9989065062875888, 1.0, 0.9989065062875888, 1.0, 1.0, 1.0, 1.0]
=> Training loss: [0.0016148504657166622, 0.0009405488517054419, 0.0021364170345388967, 0.0009104232804522521, 0.00028798957084650055, 0.0001558939873146941, 0.00013906054922383437, 0.00012377918107272037, 0.00011799233102835684, 0.0001106797209427834, 0.014414260771284583, 0.002876716262639025, 0.0015813979161931268, 0.0006405518986035385, 0.0005696519449577552, 0.00020404356431025434, 0.00028698383466252257, 0.00012494767096063312, 0.0001194845193356964, 0.00011616264946387415, 0.0018393276664274382, 0.021989271647048357, 0.0018479406827824733, 0.0003700721532217166, 0.0001092595409381317, 0.0001649224105224682, 9.189340584720648e-05, 0.00012441640156192973, 8.669538741659599e-05, 8.641726519337836e-05, 0.0006601042184053766, 0.0016219316594949464, 0.00042059075669083156, 0.0001561884100613782, 8.73230523367673e-05, 6.073697228176093e-05, 7.603017489827214e-05, 6.357333510312293e-05]
=> Validating loss: [0.000801730838686833, 0.0007646477264505936, 0.001867237645751418, 0.0004471024737777769, 0.00030152124799239974, 0.00012172991558828183, 0.0001342954633415868, 0.00011557884283619516, 0.0001434654664364321, 0.00013588155765589756, 0.013143489794514959, 0.002706708511484796, 0.002121935749493539, 0.001533347411448963, 0.0021527949999725093, 0.0011490401638929665, 0.0005485867974312086, 0.0004173723198712458, 0.000370005194488312, 0.0005005376910314192, 0.002130511269521247, 0.020951789825093794, 0.0026736346552349087, 0.0012126002721495, 0.0005019969814444906, 0.0008807336954626588, 0.0005014049496306661, 0.0004297428318668911, 0.00040576038629542405, 0.0005169849407032909, 0.001554356058358081, 0.004069405859963843, 0.0014239376182512775, 0.001585376295056133, 0.00040797371824122865, 0.00047208613477952313, 0.00022004101782691058, 0.0004049865406097212]


--------------------------------------------

=> EARLY STOP! SAVED MODEL SUCCESSFULLY...
=> Fold 3 - Epochs 55 - Stop at 25
=> Training accuracy: [0.9997266265718973, 0.9745762711864406, 0.9998633132859486, 1.0, 1.0, 1.0, 1.0, 1.0, 1.0, 1.0, 1.0, 1.0, 0.9774466921815199, 0.9997266265718973, 1.0, 1.0, 1.0, 1.0, 1.0, 1.0, 1.0, 1.0, 1.0, 1.0, 1.0, 1.0, 1.0, 1.0, 1.0, 1.0, 1.0, 1.0, 0.999316566429743, 0.9919354838709677, 0.9994532531437944, 1.0, 1.0, 1.0, 1.0, 1.0, 1.0, 1.0, 0.9998633132859486, 1.0, 1.0, 1.0, 1.0, 1.0, 1.0, 1.0, 1.0, 1.0, 0.9995899398578458, 0.9994532531437944, 1.0, 1.0]
=> Validating accuracy: [1.0, 0.9775833788955713, 1.0, 1.0, 1.0, 1.0, 1.0, 1.0, 1.0, 1.0, 1.0, 1.0, 0.9726626571897211, 1.0, 1.0, 1.0, 1.0, 1.0, 1.0, 1.0, 1.0, 1.0, 1.0, 1.0, 1.0, 1.0, 1.0, 1.0, 1.0, 1.0, 1.0, 1.0, 0.9994532531437944, 0.9879715691634773, 0.9978130125751777, 1.0, 1.0, 1.0, 1.0, 1.0, 1.0, 1.0, 0.9994532531437944, 1.0, 1.0, 1.0, 1.0, 1.0, 1.0, 1.0, 1.0, 1.0, 0.9978130125751777, 0.9956260251503554, 0.9994532531437944, 1.0]
=> Training loss: [0.0009374741979286165, 0.06323834897603735, 0.0006613547267104772, 0.0005880655821269208, 0.00018673607034770488, 0.00010022155084957245, 7.654878399746025e-05, 6.66488212625277e-05, 7.710031836824858e-05, 5.940047643608106e-05, 0.00011277839166474793, 0.0009455982629702915, 0.05542437664200432, 0.001696405246521386, 9.694122215969073e-05, 6.590383815782923e-05, 6.392261420424558e-05, 6.338013320925734e-05, 5.233011477052549e-05, 5.730249134184414e-05, 6.446537075076804e-05, 5.772169100330167e-05, 0.00014862524471153732, 3.720321823187263e-05, 0.0001239056964321659, 4.8229373262592806e-05, 0.00011387285075802188, 3.9964611952951724e-05, 4.211203543825796e-05, 3.793968408129412e-05, 7.518368996308307e-05, 3.35955464963403e-05, 0.002141005420844447, 0.02055178908586651, 0.002183428414730085, 0.0003018806282579398, 0.0001706989209417548, 0.00010203906652560613, 8.086013347146617e-05, 7.405509316817647e-05, 7.120340243867278e-05, 5.130046662723224e-05, 0.0003938475143541489, 7.672931083502284e-05, 5.251936795763906e-05, 2.9630353941024634e-05, 1.9816208907362222e-05, 1.979241062742576e-05, 2.1373527278974118e-05, 2.0946411779410218e-05, 2.8607221034633466e-05, 1.7888473898099564e-05, 0.002085414057315359, 0.0022844544537625844, 0.00029021061401395535, 9.32711300613594e-05]
=> Validating loss: [0.0011047135761410951, 0.0670945368674846, 0.00046743979706828854, 0.0007320953042123175, 0.00013681430812824405, 0.00010356563793454817, 8.35587590274762e-05, 7.550271523612705e-05, 7.617289396848157e-05, 6.357969241638936e-05, 0.00010815210510980861, 0.000682882096747241, 0.07839519505354918, 0.0019539405214028848, 0.0002737772368244914, 0.00014046925249535102, 0.00013706664860579798, 0.0001411140985347326, 0.00010053383567662635, 0.00012780668730447102, 0.00012209836855526553, 0.00011668691556192747, 0.00024342066601745803, 9.8717983223862e-05, 0.00021718799228423954, 6.096374750875803e-05, 0.00014254516140828208, 8.780182224008267e-05, 9.392588600473786e-05, 8.608835240512345e-05, 0.0001820167483067337, 7.576538338951912e-05, 0.002804200824233576, 0.029567941496003076, 0.005028893458346396, 0.0016319425645860352, 0.0006777788737410463, 0.00044543959545856516, 0.00040006115050920466, 0.0003654173569740527, 0.0003791323077846709, 0.00036185063077701524, 0.0013308893351082172, 0.0005262865718151659, 0.0002511233251092271, 0.00017739169382665132, 9.176204880102968e-05, 9.069680539824442e-05, 9.673863386876877e-05, 0.00011187575032342847, 0.00021936442049357943, 0.0001335658743210878, 0.008315672604022722, 0.00824218636297238, 0.002973644443438325, 0.0009045946067594694]


--------------------------------------------

=> EARLY STOP! SAVED MODEL SUCCESSFULLY...
=> Fold 4 - Epochs 31 - Stop at 1
=> Training accuracy: [0.9994532531437944, 1.0, 0.9991798797156917, 1.0, 1.0, 1.0, 1.0, 1.0, 1.0, 1.0, 1.0, 1.0, 1.0, 1.0, 0.9989065062875888, 1.0, 1.0, 1.0, 1.0, 1.0, 0.9991798797156917, 0.9745762711864406, 1.0, 1.0, 1.0, 1.0, 1.0, 1.0, 1.0, 1.0, 0.9995899398578458, 1.0]
=> Validating accuracy: [1.0, 1.0, 0.9994532531437944, 1.0, 1.0, 1.0, 1.0, 1.0, 1.0, 1.0, 1.0, 1.0, 1.0, 1.0, 0.9978130125751777, 1.0, 1.0, 1.0, 1.0, 1.0, 0.9967195188627666, 0.9781301257517769, 1.0, 1.0, 1.0, 1.0, 1.0, 1.0, 1.0, 1.0, 0.9972662657189721, 1.0]
=> Training loss: [0.0017316546441321246, 7.05763612553384e-05, 0.0023708302494520506, 0.0003901386675289459, 9.974579459921878e-05, 5.594536201413092e-05, 3.9418183330272974e-05, 3.991551853585828e-05, 3.4828486769062205e-05, 3.704469411340658e-05, 4.4645648778151526e-05, 0.00020270298782241363, 7.261830978080892e-05, 5.081265728491723e-05, 0.0024435438257218263, 7.541581406659836e-05, 4.862364444254664e-05, 4.2781240262402946e-05, 3.2606770105116964e-05, 3.2237888546214e-05, 0.0025724105906360637, 0.07113837014844039, 0.0004864156620381955, 0.0004896297242250632, 0.00013442823633462426, 6.554731186776733e-05, 4.1876374153706786e-05, 3.3458487964019476e-05, 3.340960508177201e-05, 2.896890611315356e-05, 0.0015999944694270215, 9.671208654512437e-05]
=> Validating loss: [0.0013648430885562937, 6.907042853157603e-05, 0.0019865999384012034, 0.0007368121969581319, 0.0002635440604952892, 0.0001751694379875524, 0.00012850775511985256, 0.00010636586923552693, 0.00019648170878718428, 0.00011584161682463636, 0.00011328128160450031, 0.000537487429374045, 0.0001576315271932203, 0.00022602813567354773, 0.006084828810214424, 0.00021719740624354775, 9.263846832962142e-05, 0.00014976978369944042, 0.00014909725521566932, 0.000170811801924406, 0.005277347203518073, 0.06026099785723543, 0.0012481485544675417, 0.001796723706670844, 0.00026743861088255407, 0.00022142194813314642, 0.00026896812641908263, 0.0002630961431502605, 0.00029834393651976957, 0.0002518665246963072, 0.0052746599362825716, 0.0003828561277846323]


--------------------------------------------

